Reflection
Magntiude: 0.49453464
Phase: -5.956994

Transmission
Magnitude: 0.8691573
Phase: -95.957054
