Reflection
Magntiude: 0.8637732
Phase: 13.419439

Transmission
Magnitude: 0.50388145
Phase: -76.58053
