Reflection
Magntiude: 0.49810696
Phase: -5.402177

Transmission
Magnitude: 0.8671154
Phase: -95.40217
